1000
994 871 413 149 690 
553 150 728 434 263 
542 525 172 782 901 
369 51 499 366 843 
473 5 940 389 796 
683 413 397 62 687 
201 837 710 762 208 
604 94 351 160 441 
966 826 263 622 349 
778 31 490 271 571 
664 710 60 582 666 
453 92 538 77 674 
710 223 432 476 171 
925 183 850 582 939 
254 604 35 735 655 
359 33 333 272 436 
68 768 244 569 577 
481 676 935 746 898 
1001 174 549 798 542 
433 178 95 743 60 
414 493 671 209 767 
575 991 951 770 352 
586 436 696 453 91 
778 295 881 891 116 
530 10 621 528 261 
608 752 968 341 22 
461 62 918 847 410 
801 854 296 345 765 
941 495 990 28 673 
97 114 362 480 1001 
291 779 676 63 629 
607 785 749 265 881 
714 232 347 498 662 
535 401 321 498 655 
104 767 753 139 4 
585 694 157 443 515 
130 282 756 878 528 
692 300 934 875 982 
410 536 196 100 198 
19 614 574 679 296 
332 145 45 969 368 
312 660 151 976 640 
244 26 177 682 807 
507 580 104 281 287 
945 684 563 133 353 
196 578 737 598 644 
233 120 184 49 463 
941 312 181 901 792 
915 378 12 602 297 
434 714 331 300 486 
13 961 560 359 104 
325 569 518 602 427 
385 864 235 426 818 
174 56 826 577 255 
957 713 435 795 936 
763 515 866 979 470 
114 786 161 495 132 
344 947 952 120 20 
410 614 400 109 54 
609 230 871 821 643 
407 558 734 108 152 
586 603 455 851 170 
403 296 594 649 688 
632 405 383 381 677 
478 588 686 726 285 
195 938 47 923 743 
766 569 942 90 670 
845 441 188 985 115 
240 87 423 705 952 
717 724 552 63 55 
697 617 937 385 75 
51 854 540 252 312 
734 774 322 115 867 
66 201 922 759 359 
967 700 779 430 9 
512 32 41 626 2 
42 21 481 805 719 
798 943 92 186 573 
324 747 854 9 805 
384 217 969 181 95 
641 687 40 585 403 
765 641 685 567 710 
116 788 73 514 111 
140 231 690 500 746 
729 494 623 105 19 
693 143 733 171 523 
352 302 748 831 322 
987 907 560 978 968 
960 547 440 545 570 
521 591 814 244 104 
160 439 488 19 844 
946 616 598 532 513 
452 564 229 38 771 
374 420 645 907 630 
77 987 714 862 916 
567 12 751 203 762 
46 956 420 177 186 
555 95 945 880 405 
49 767 573 914 248 
67 264 871 691 955 
771 362 381 944 515 
830 866 567 952 512 
925 385 101 554 232 
122 734 437 445 73 
36 842 591 433 136 
348 728 359 975 774 
291 939 725 132 368 
231 755 402 669 102 
91 176 518 752 470 
517 187 443 645 860 
522 436 308 91 571 
314 985 750 101 210 
624 946 67 418 343 
908 821 675 516 143 
780 812 189 731 24 
338 835 805 326 145 
694 482 973 861 546 
324 510 542 713 516 
373 958 156 419 983 
680 87 468 409 244 
900 537 808 648 899 
870 10 489 584 714 
440 54 196 570 843 
843 129 864 168 777 
720 894 526 689 452 
839 335 66 55 93 
263 660 807 296 209 
722 73 587 95 253 
651 398 798 12 48 
570 31 548 71 867 
942 863 342 290 377 
754 429 312 328 743 
895 201 166 636 371 
87 879 32 359 731 
929 318 134 275 625 
682 176 495 182 105 
320 276 81 647 303 
529 457 216 605 693 
324 143 801 652 917 
331 783 241 81 359 
871 41 947 923 546 
834 86 931 935 535 
609 16 722 872 511 
547 841 228 635 6 
688 61 544 766 766 
145 440 945 280 876 
151 628 974 784 333 
733 917 420 449 302 
310 544 421 984 750 
367 377 977 619 194 
264 885 114 743 898 
31 446 582 709 252 
387 268 416 885 35 
458 829 780 196 322 
316 918 346 602 296 
955 584 332 602 455 
521 26 539 835 243 
868 1 995 792 135 
735 494 517 654 856 
815 631 136 47 319 
184 205 215 313 244 
745 841 539 227 754 
894 317 416 829 998 
311 358 782 551 346 
652 201 414 451 528 
796 304 217 639 519 
228 305 784 487 979 
457 28 173 857 833 
422 868 937 159 591 
521 592 479 113 447 
191 212 349 939 553 
879 506 486 790 854 
651 292 147 640 696 
605 791 168 955 504 
838 808 773 483 237 
981 523 183 733 682 
213 833 400 608 850 
282 1001 161 948 738 
771 8 713 588 57 
82 994 258 213 621 
336 70 241 745 444 
92 421 554 573 709 
774 243 770 640 82 
55 413 291 169 373 
572 413 42 715 135 
30 627 762 673 904 
715 113 201 550 692 
219 879 560 101 654 
144 310 502 610 704 
22 601 350 704 544 
112 684 569 623 709 
247 90 655 690 658 
964 676 992 531 104 
843 759 321 595 657 
242 336 43 309 107 
338 611 762 657 7 
579 426 106 197 356 
571 537 591 575 618 
849 542 967 263 7 
126 58 744 753 584 
181 604 480 349 71 
940 850 894 934 923 
550 390 111 979 176 
397 137 417 494 617 
959 66 104 594 668 
926 45 820 951 537 
864 653 66 929 560 
573 190 322 591 960 
447 208 182 711 990 
758 191 52 438 144 
429 154 147 927 443 
758 29 274 342 888 
382 540 460 476 634 
797 414 90 301 256 
741 736 34 857 901 
276 198 888 229 792 
8 591 571 675 373 
496 513 411 692 445 
403 44 173 378 548 
951 579 870 102 255 
433 331 745 183 419 
943 428 148 64 136 
526 381 944 56 561 
907 233 158 759 14 
30 133 684 829 624 
375 473 470 957 486 
853 825 813 847 805 
911 206 899 650 573 
733 413 200 416 398 
408 397 60 69 396 
708 343 793 44 196 
14 866 370 874 305 
936 748 70 947 487 
238 282 687 488 839 
530 68 241 719 955 
181 605 649 228 34 
184 458 910 114 382 
488 250 808 597 756 
48 466 268 103 518 
980 153 351 172 223 
624 473 882 598 787 
455 826 385 865 957 
707 970 94 715 758 
544 503 70 460 356 
256 7 928 881 430 
754 480 115 172 25 
756 600 398 262 276 
788 225 336 287 327 
298 836 529 274 948 
962 53 301 604 908 
180 88 15 542 541 
535 140 45 900 371 
65 449 787 265 105 
427 120 740 82 440 
567 844 263 632 249 
673 229 228 657 46 
950 689 974 541 573 
797 336 208 324 894 
743 968 583 511 431 
258 239 545 662 440 
720 273 844 342 477 
757 470 536 749 448 
936 491 852 144 695 
773 533 72 603 730 
444 57 11 410 291 
898 925 47 498 27 
18 447 946 996 798 
524 41 657 419 834 
634 842 396 177 690 
48 546 966 541 923 
722 370 628 239 974 
107 528 530 725 139 
885 621 705 148 740 
867 865 246 744 678 
970 735 390 455 65 
307 51 73 659 55 
885 1 111 525 683 
664 385 730 600 238 
693 108 874 212 758 
356 463 573 890 715 
405 681 446 105 505 
954 584 273 846 329 
55 453 678 618 91 
607 827 389 577 284 
909 926 303 187 575 
960 379 156 243 178 
271 952 16 651 161 
805 109 568 990 786 
140 109 441 856 634 
14 486 55 375 61 
646 830 176 944 638 
179 370 626 600 756 
204 207 601 528 20 
860 838 82 993 95 
476 761 45 368 663 
821 840 702 343 58 
123 910 965 544 229 
832 954 542 905 850 
973 626 533 779 526 
463 959 501 547 874 
192 251 323 249 782 
790 730 469 353 531 
214 993 917 401 354 
925 743 928 372 721 
925 581 749 138 118 
760 248 863 358 680 
988 482 955 500 947 
234 960 386 94 523 
528 143 715 933 136 
571 389 83 263 654 
380 961 562 940 453 
718 247 88 467 662 
883 24 629 387 935 
387 124 23 383 942 
534 112 577 969 766 
844 200 825 824 381 
767 125 831 870 980 
216 829 755 120 339 
213 856 220 651 83 
242 227 80 948 221 
442 208 957 342 481 
447 851 153 258 737 
368 462 8 785 106 
319 565 839 465 742 
306 157 496 962 200 
840 477 727 955 63 
331 303 955 602 876 
134 48 968 641 434 
599 767 724 916 998 
996 943 334 357 754 
845 631 168 305 900 
968 375 394 600 320 
712 449 619 351 104 
528 416 569 187 176 
92 310 458 976 25 
724 737 901 283 207 
126 586 407 969 76 
133 429 298 746 631 
981 445 501 907 778 
991 751 75 831 508 
449 420 385 713 797 
847 28 851 245 522 
700 778 714 101 189 
49 790 516 480 713 
373 478 513 761 191 
989 252 292 196 148 
69 657 583 777 925 
722 641 209 788 273 
903 286 534 302 641 
293 438 438 430 466 
736 444 782 66 139 
416 549 334 511 426 
797 84 907 243 894 
962 840 234 122 1 
879 536 883 984 648 
822 336 598 944 261 
906 417 862 435 509 
256 998 393 9 160 
532 351 924 501 739 
381 660 879 772 628 
988 708 61 414 980 
765 667 600 78 221 
391 728 256 767 805 
697 979 534 610 626 
876 973 386 159 969 
314 223 691 893 419 
269 851 921 465 30 
592 720 587 537 612 
580 373 14 566 466 
300 344 446 662 555 
558 945 275 829 314 
593 729 289 522 485 
576 472 113 580 537 
563 812 152 585 22 
106 610 254 541 500 
20 996 277 282 929 
91 51 645 131 777 
40 531 950 836 183 
617 513 429 645 514 
864 171 838 627 948 
450 885 320 438 544 
103 278 799 13 70 
383 947 403 229 986 
833 230 596 700 311 
429 324 514 586 453 
538 88 381 584 583 
563 942 913 589 251 
695 653 133 888 370 
60 991 324 574 243 
98 852 812 116 703 
664 501 708 535 177 
378 208 39 66 530 
162 524 551 985 231 
528 711 742 995 181 
212 858 395 825 932 
292 876 4 726 483 
333 653 449 303 370 
423 110 904 160 507 
80 711 524 417 529 
807 323 143 670 769 
45 848 550 755 390 
162 731 276 935 904 
577 945 727 924 584 
477 372 609 763 451 
339 49 720 939 832 
395 782 631 417 926 
58 54 52 930 350 
777 953 565 833 693 
711 381 379 457 360 
360 49 278 807 597 
722 135 239 620 330 
961 333 964 260 651 
362 956 625 108 343 
815 129 651 438 631 
667 872 101 504 944 
405 5 336 852 462 
402 499 948 553 694 
243 383 648 48 540 
939 873 855 848 858 
777 564 585 627 109 
501 836 125 580 326 
524 949 348 281 558 
144 146 211 473 122 
557 277 619 213 22 
434 802 198 905 887 
170 904 948 411 538 
63 962 27 997 415 
105 853 156 245 99 
219 294 596 698 759 
973 297 929 827 619 
287 930 840 88 500 
562 744 615 262 381 
923 492 110 267 420 
931 139 189 668 64 
326 909 680 201 337 
715 502 997 93 921 
502 484 357 732 284 
538 552 160 732 109 
336 538 352 902 930 
748 394 292 314 730 
966 1 750 830 300 
120 443 120 93 393 
405 113 298 959 246 
496 432 12 432 657 
154 976 860 934 121 
652 281 884 430 261 
393 541 337 651 610 
125 661 868 637 658 
394 489 197 164 812 
712 610 524 437 119 
522 877 12 668 839 
81 189 317 649 741 
771 433 721 963 959 
50 760 543 753 846 
170 106 799 509 493 
579 995 506 459 513 
42 231 71 312 4 
695 10 75 711 739 
264 56 73 420 752 
804 426 732 975 201 
647 902 567 568 802 
425 505 811 778 775 
556 46 559 677 881 
990 504 985 873 493 
428 771 116 377 886 
963 299 733 614 874 
622 176 289 270 706 
788 109 82 142 397 
328 688 645 961 947 
53 531 872 805 223 
266 677 289 613 383 
338 54 550 161 720 
173 492 440 357 424 
541 209 472 823 555 
93 940 517 769 130 
393 575 585 630 59 
153 344 115 785 970 
891 575 283 417 808 
10 457 864 10 837 
639 416 459 681 796 
200 400 636 789 76 
449 576 542 644 375 
11 353 118 542 865 
367 219 633 792 213 
108 187 359 697 418 
1001 75 539 601 904 
586 777 525 619 105 
789 557 388 753 854 
704 447 540 188 512 
462 136 949 574 154 
538 733 407 388 616 
145 112 348 566 996 
374 148 313 925 844 
607 357 596 845 978 
818 943 842 784 825 
94 278 443 142 212 
108 775 173 33 755 
117 722 120 369 381 
671 242 212 307 565 
920 802 234 10 507 
331 812 432 531 38 
773 519 13 806 675 
316 703 622 279 513 
274 843 902 537 620 
859 775 915 555 622 
783 318 350 777 845 
86 290 769 990 778 
617 638 135 886 692 
617 620 794 271 384 
780 335 976 980 674 
204 510 818 772 373 
413 796 899 912 560 
984 169 980 506 941 
728 665 453 259 111 
816 263 186 943 287 
672 281 441 614 120 
685 973 61 99 44 
215 679 709 859 604 
341 606 511 211 250 
565 578 286 30 114 
468 289 900 307 883 
440 157 836 69 384 
539 544 239 281 610 
534 466 192 321 570 
496 118 552 497 148 
614 378 340 294 134 
979 493 8 689 936 
915 856 776 932 740 
761 95 745 883 930 
971 275 766 267 890 
404 484 412 502 622 
326 891 443 7 632 
775 76 110 454 867 
136 949 727 573 530 
138 902 732 215 275 
184 393 502 909 985 
495 190 465 47 837 
811 210 693 476 812 
10 382 983 859 592 
441 11 476 107 941 
498 415 642 512 77 
398 85 896 90 633 
11 244 113 848 28 
514 878 154 794 52 
244 698 246 492 23 
186 539 721 580 339 
673 977 486 565 964 
544 139 847 461 213 
537 818 546 433 970 
864 272 535 611 931 
495 254 326 436 565 
41 41 133 501 58 
746 433 147 220 893 
118 888 628 636 356 
558 327 281 226 186 
419 359 128 275 476 
295 72 376 560 806 
529 246 988 649 941 
496 919 590 783 216 
382 893 174 826 993 
995 559 875 194 769 
120 855 327 728 146 
154 641 649 565 128 
360 97 706 714 923 
117 22 318 929 784 
172 659 11 62 361 
144 587 341 72 127 
317 951 739 99 884 
277 297 424 529 569 
171 293 391 787 275 
16 127 359 760 297 
488 353 663 258 692 
875 719 773 928 208 
323 988 36 74 470 
493 334 717 150 496 
861 367 215 670 104 
337 455 343 46 346 
225 537 188 988 222 
957 683 319 440 706 
512 369 195 832 52 
610 497 323 657 916 
393 219 924 200 323 
418 575 941 603 708 
783 306 520 617 933 
143 961 357 758 820 
943 632 597 819 680 
810 487 274 366 678 
515 30 595 851 886 
891 728 484 635 405 
655 265 17 200 132 
237 822 606 800 873 
4 393 781 876 361 
711 865 822 864 805 
931 243 124 249 312 
701 647 609 228 159 
985 505 284 191 71 
507 650 693 93 651 
802 216 222 806 315 
616 250 573 763 282 
959 598 182 767 471 
803 788 436 629 305 
1000 20 722 586 354 
543 531 783 482 316 
756 64 270 132 138 
604 444 20 274 609 
812 648 376 803 597 
338 841 363 273 260 
27 363 61 477 646 
550 357 600 584 661 
814 306 846 944 479 
966 422 309 893 281 
894 496 474 888 993 
600 427 872 148 913 
838 479 775 677 452 
562 24 860 92 635 
178 139 966 718 687 
183 975 226 475 615 
133 679 169 972 790 
668 562 732 307 356 
872 245 514 948 343 
774 103 537 260 252 
283 651 616 481 1001 
23 381 284 992 269 
221 166 660 585 681 
719 401 97 467 889 
703 869 80 616 622 
179 757 848 939 240 
619 525 130 453 704 
623 560 531 51 843 
483 966 28 295 735 
734 965 107 544 161 
986 578 303 96 748 
224 416 960 767 362 
810 734 645 225 424 
681 928 794 746 308 
58 104 507 352 379 
601 972 797 208 510 
725 1000 207 593 720 
127 947 361 681 46 
302 711 998 419 790 
463 495 671 252 543 
312 311 620 800 547 
639 632 712 680 271 
308 360 971 389 956 
838 428 416 810 986 
208 152 861 374 388 
579 14 343 632 232 
484 405 71 684 774 
990 434 678 812 740 
118 491 206 842 680 
967 116 64 733 237 
93 578 448 913 922 
361 449 39 553 146 
481 687 916 285 426 
9 615 147 770 27 
57 393 817 338 3 
90 856 337 887 297 
817 596 398 83 173 
894 132 755 597 306 
297 189 572 678 776 
822 723 871 792 415 
802 606 850 306 21 
568 883 268 87 611 
719 833 837 657 686 
866 860 890 569 211 
518 335 812 402 998 
20 595 795 938 225 
530 416 362 825 733 
150 719 695 63 796 
368 388 141 832 855 
571 406 470 264 874 
828 763 452 842 771 
98 10 289 112 346 
713 132 154 964 542 
810 728 197 601 216 
940 504 898 710 980 
168 163 216 698 458 
509 688 890 432 871 
254 549 233 512 316 
842 940 208 418 509 
567 908 904 276 905 
723 640 285 79 393 
855 869 932 969 910 
79 193 437 935 776 
51 436 858 978 822 
896 307 918 341 864 
710 749 865 674 345 
513 608 273 62 309 
62 208 232 109 57 
299 236 518 308 632 
336 848 855 569 333 
322 756 471 14 305 
946 565 81 734 581 
153 24 454 568 948 
174 893 222 634 446 
149 856 536 555 398 
596 965 152 48 758 
611 975 461 147 895 
486 234 85 152 936 
934 926 542 698 296 
513 574 622 926 8 
341 461 425 822 407 
801 623 60 518 165 
5 337 250 315 810 
154 341 255 364 12 
348 282 771 163 999 
932 768 704 614 181 
553 924 74 806 920 
905 902 386 883 259 
815 427 610 241 2 
672 334 195 436 659 
876 224 884 678 299 
308 980 564 546 714 
317 168 251 248 5 
365 829 366 663 172 
567 753 896 365 272 
985 828 503 694 903 
624 739 859 730 783 
3 203 358 537 264 
285 217 930 198 665 
179 378 345 56 412 
505 228 807 61 433 
33 472 531 730 156 
232 416 936 676 781 
367 670 31 878 423 
966 165 492 201 943 
173 597 131 629 775 
499 458 167 990 239 
81 747 775 769 832 
157 453 609 184 177 
611 867 355 707 552 
203 12 927 392 420 
298 274 286 144 545 
468 110 389 142 72 
152 982 540 861 102 
137 782 145 607 966 
645 139 482 141 447 
747 767 82 606 186 
240 574 646 331 651 
523 71 813 512 619 
972 33 874 991 877 
664 525 678 288 547 
457 18 826 245 461 
283 175 486 241 290 
226 221 715 347 146 
560 152 748 94 507 
967 524 151 23 702 
92 853 327 570 628 
419 358 415 213 881 
117 420 36 782 557 
14 859 940 970 610 
572 393 540 731 866 
772 664 921 615 546 
354 148 111 353 959 
497 879 67 588 834 
600 97 230 579 612 
834 259 25 137 71 
587 219 706 931 656 
289 17 880 876 694 
495 547 974 126 725 
569 105 185 966 207 
961 554 190 466 750 
702 507 464 705 488 
246 480 386 120 306 
613 2 478 264 840 
398 534 877 733 655 
319 413 972 64 720 
508 942 797 550 709 
554 512 776 357 73 
252 550 54 43 785 
950 992 898 855 152 
997 586 739 1001 350 
125 151 59 352 584 
720 637 201 512 512 
558 365 514 291 440 
819 287 704 264 343 
62 828 187 694 93 
347 184 591 799 388 
32 637 768 918 406 
33 227 600 737 731 
923 923 716 673 416 
376 668 70 903 143 
120 653 541 264 494 
708 768 246 952 344 
15 770 331 417 841 
218 222 791 223 815 
482 481 391 813 411 
760 731 304 143 838 
17 152 226 131 422 
509 642 550 512 390 
533 176 468 940 446 
817 834 724 684 500 
31 162 761 550 159 
470 379 472 622 606 
263 807 217 660 890 
920 166 131 879 934 
370 415 591 489 464 
163 846 267 151 807 
948 546 821 170 571 
467 563 150 842 993 
503 981 329 651 852 
263 665 715 804 294 
132 122 173 675 797 
30 702 21 648 312 
336 720 917 541 493 
696 403 237 243 20 
343 885 885 819 954 
297 570 932 815 740 
274 578 407 357 977 
29 328 333 214 171 
302 448 124 189 279 
276 308 922 269 359 
634 277 726 857 367 
652 276 69 729 812 
597 21 84 73 787 
329 169 632 291 255 
519 430 858 383 220 
224 264 579 500 320 
923 488 157 540 624 
396 921 611 123 512 
408 110 957 684 116 
533 2 943 605 313 
592 726 416 693 234 
566 533 160 238 794 
107 864 316 173 469 
976 603 782 66 748 
977 475 727 889 653 
454 968 282 916 539 
832 481 358 325 704 
576 57 507 557 667 
994 125 764 138 495 
131 962 954 686 202 
599 186 432 946 698 
535 968 507 222 93 
923 749 935 293 708 
840 916 594 370 920 
851 119 809 374 478 
237 473 591 45 301 
533 439 877 211 944 
537 685 547 520 575 
521 772 152 236 804 
810 7 682 858 532 
336 550 157 998 941 
738 891 358 373 783 
438 523 627 160 724 
902 22 341 67 819 
886 379 493 804 143 
508 957 333 673 682 
170 846 745 99 191 
20 378 674 887 322 
41 882 146 559 435 
63 701 938 326 598 
456 831 234 987 80 
707 168 559 100 528 
527 636 416 64 314 
173 101 285 266 741 
381 905 454 534 838 
162 453 612 450 836 
113 555 65 389 855 
834 722 163 404 588 
127 531 844 438 93 
917 479 459 114 216 
610 871 121 99 602 
578 465 620 648 959 
792 214 816 586 560 
968 15 883 348 560 
468 301 98 337 425 
68 964 686 769 495 
948 283 752 311 634 
732 970 553 893 981 
6 967 753 894 609 
130 222 31 245 871 
159 274 145 600 809 
29 150 77 219 921 
331 697 734 933 70 
111 597 749 436 863 
262 908 120 800 669 
658 190 407 860 387 
470 81 708 357 63 
753 200 313 546 543 
901 508 792 74 924 
914 256 216 88 277 
300 378 565 591 825 
757 716 893 473 111 
649 469 542 401 191 
750 659 927 574 724 
342 123 846 885 498 
140 798 350 586 938 
990 982 211 339 178 
21 463 722 357 218 
652 611 339 31 283 
730 654 999 680 202 
977 220 993 141 293 
167 842 548 719 743 
375 380 962 746 219 
926 351 233 457 7 
446 853 852 728 850 
246 738 717 93 588 
337 89 941 737 457 
847 906 332 236 256 
596 257 133 110 812 
119 366 762 589 607 
158 165 245 785 996 
401 820 370 686 424 
529 925 27 590 495 
400 654 235 868 348 
561 450 815 874 923 
998 168 192 375 819 
87 702 790 630 492 
974 960 628 342 935 
19 817 449 756 290 
76 572 689 431 645 
640 158 977 456 23 
243 164 925 513 843 
501 875 981 779 686 
108 310 613 132 22 
544 750 258 865 818 
917 758 393 23 725 
341 972 241 599 522 
707 372 409 403 377 
749 708 227 270 329 
245 142 371 125 308 
377 11 737 5 212 
950 402 189 748 515 
418 113 275 944 294 
664 312 481 224 50 
89 13 979 688 49 
37 164 632 317 527 
967 355 939 891 805 
635 104 444 833 664 
277 935 840 117 355 
120 212 613 521 303 
539 80 457 789 379 
981 673 337 1001 865 
822 186 907 459 563 
230 4 838 385 653 
509 554 460 59 416 
353 962 643 788 960 
964 938 687 806 412 
288 642 578 882 39 
611 712 367 344 200 
219 886 336 17 364 
976 200 96 798 339 
412 23 447 532 972 
521 549 648 152 219 
283 409 280 1 780 
932 343 546 912 412 
464 958 606 879 552 
523 276 399 438 795 
305 251 106 445 191 
448 930 125 3 447 
178 700 910 305 801 
864 545 407 949 457 
425 972 165 62 367 
251 15 637 482 330 
205 691 172 849 10 
302 256 987 118 112 
917 446 60 599 540 
711 4 766 935 122 
88 16 605 151 541 
153 313 229 859 403 
928 1 638 129 977 
191 68 238 82 817 
193 398 188 130 540 
173 782 173 12 78 
528 805 542 582 674 
244 491 904 300 668 
597 190 692 211 474 
922 174 119 384 915 
488 759 941 286 391 
198 60 642 148 25 
145 333 896 897 22 
184 834 671 798 910 
384 140 291 903 587 
361 263 275 64 307 
351 94 600 480 3 
435 412 227 429 885 
632 385 62 628 183 
935 207 486 972 101 
974 676 197 212 538 
201 76 128 432 814 
540 554 366 585 309 
422 252 248 936 741 
397 34 996 95 375 
817 537 543 881 660 
340 43 694 721 90 
415 975 909 588 871 
158 423 234 546 822 
407 860 365 892 833 
345 882 262 238 989 
39 66 243 788 501 
380 469 61 985 890 
839 712 562 215 661 
272 317 316 153 234 
951 83 770 217 417 
999 103 820 274 760 
250 859 910 980 896 
927 401 983 914 766 
734 368 441 789 358 
416 114 161 32 18 
